loss_list_ts_avg= [7.67087736e-01, 8.54959355e-01, 7.83439675e-01, 4.16609907e-01, 1.69822275e-01, 1.68188215e-03 ,
1.91895596e-04, 5.31713760e-05, 7.13601063e-05, 5.85437485e-05]

loss_list_ei_avg= [7.67087726e-01, 9.41602272e-01, 7.67211496e-01, 9.82292460e-01, 1.86549746e-01, 2.45597229e-03,
 4.56750744e-04, 2.42976763e-04, 1.14253985e-04, 6.90330926e-05]

 evaluation_budget= 10